1000760
1011190
1012110
1027820
104600
1061180
1062960
1064460
1065310
1069740
1070710
1075740
1077290
1082430
1086640
1088790
1091500
1091920
1093910
1096720
1098340
1099640
10
1100990
1101190
1101450
1119700
1133060
11390
1139890
1142710
1144030
1145350
1145960
1149660
1151340
1153430
1158310
1162680
1162960
1164850
1172470
1177980
1184160
1194590
1197370
1200
1201830
1202900
1203420
1205040
1205960
1210320
1212620
1218900
1222670
1222700
1225590
1229460
1235140
1236990
1244460
1248130
1250410
1252330
1255650
1257410
1259980
1260810
1266820
1275890
1284190
1285670
1296840
1299120
1306620
1318090
1334000
1342890
1345820
1347030
1349960
13530
13580
1361700
1363080
1377360
1377380
1386780
1403020
1409530
1421250
1430680
1446330
1472660
1473050
1500740
1504020
1507190
15080
